[[[   0.           -9.29931086]
  [   1.           -9.29141086]]

 [[   1.           -9.29141086]
  [   2.           -9.26751086]]

 [[   2.           -9.26751086]
  [   3.           -9.22761086]]

 [[   3.           -9.22761086]
  [   4.           -9.17191086]]

 [[   4.           -9.17191086]
  [   5.           -9.10051086]]

 [[   5.           -9.10051086]
  [   6.           -9.01361086]]

 [[   6.           -9.01361086]
  [   7.           -8.91121086]]

 [[   7.           -8.91121086]
  [   8.           -8.79381086]]

 [[   8.           -8.79381086]
  [   9.           -8.66161086]]

 [[   9.           -8.66161086]
  [  10.           -8.51491086]]

 [[  10.           -8.51491086]
  [  11.           -8.35411086]]

 [[  11.           -8.35411086]
  [  12.           -8.18001086]]

 [[  12.           -8.18001086]
  [  13.           -7.99311086]]

 [[  13.           -7.99311086]
  [  14.           -7.79431086]]

 [[  14.           -7.79431086]
  [  15.           -7.58451086]]

 [[  15.           -7.58451086]
  [  16.           -7.36521086]]

 [[  16.           -7.36521086]
  [  17.           -7.13791086]]

 [[  17.           -7.13791086]
  [  18.           -6.90471086]]

 [[  18.           -6.90471086]
  [  19.           -6.66831086]]

 [[  19.           -6.66831086]
  [  20.           -6.43201086]]

 [[  20.           -6.43201086]
  [  21.           -6.19971086]]

 [[  21.           -6.19971086]
  [  22.           -5.97651086]]

 [[  22.           -5.97651086]
  [  23.           -5.76761086]]

 [[  23.           -5.76761086]
  [  24.           -5.57861086]]

 [[  24.           -5.57861086]
  [  25.           -5.41401086]]

 [[  25.           -5.41401086]
  [  26.           -5.27651086]]

 [[  26.           -5.27651086]
  [  27.           -5.16671086]]

 [[  27.           -5.16671086]
  [  28.           -5.08231086]]

 [[  28.           -5.08231086]
  [  29.           -5.02041086]]

 [[  29.           -5.02041086]
  [  30.           -4.97681086]]

 [[  30.           -4.97681086]
  [  31.           -4.94731086]]

 [[  31.           -4.94731086]
  [  32.           -4.92841086]]

 [[  32.           -4.92841086]
  [  33.           -4.91701086]]

 [[  33.           -4.91701086]
  [  34.           -4.91091086]]

 [[  34.           -4.91091086]
  [  35.           -4.90771086]]

 [[  35.           -4.90771086]
  [  36.           -4.90691086]]

 [[  36.           -4.90691086]
  [  37.           -4.90701086]]

 [[  37.           -4.90701086]
  [  38.           -4.90731086]]

 [[  38.           -4.90731086]
  [  39.           -4.90751086]]

 [[  39.           -4.90751086]
  [  40.           -4.90751086]]

 [[  40.           -4.90751086]
  [  41.           -4.90651086]]

 [[  41.           -4.90651086]
  [  42.           -4.90371086]]

 [[  42.           -4.90371086]
  [  43.           -4.89911086]]

 [[  43.           -4.89911086]
  [  44.           -4.89261086]]

 [[  44.           -4.89261086]
  [  45.           -4.88421086]]

 [[  45.           -4.88421086]
  [  46.           -4.87411086]]

 [[  46.           -4.87411086]
  [  47.           -4.86221086]]

 [[  47.           -4.86221086]
  [  48.           -4.84861086]]

 [[  48.           -4.84861086]
  [  49.           -4.83331086]]

 [[  49.           -4.83331086]
  [  50.           -4.81641086]]

 [[  50.           -4.81641086]
  [  51.           -4.79791086]]

 [[  51.           -4.79791086]
  [  52.           -4.77801086]]

 [[  52.           -4.77801086]
  [  53.           -4.75661086]]

 [[  53.           -4.75661086]
  [  54.           -4.73391086]]

 [[  54.           -4.73391086]
  [  55.           -4.70991086]]

 [[  55.           -4.70991086]
  [  56.           -4.68481086]]

 [[  56.           -4.68481086]
  [  57.           -4.65861086]]

 [[  57.           -4.65861086]
  [  58.           -4.63181086]]

 [[  58.           -4.63181086]
  [  59.           -4.60391086]]

 [[  59.           -4.60391086]
  [  60.           -4.57541086]]

 [[  60.           -4.57541086]
  [  61.           -4.54641086]]

 [[  61.           -4.54641086]
  [  62.           -4.51711086]]

 [[  62.           -4.51711086]
  [  63.           -4.48751086]]

 [[  63.           -4.48751086]
  [  64.           -4.45811086]]

 [[  64.           -4.45811086]
  [  65.           -4.42881086]]

 [[  65.           -4.42881086]
  [  66.           -4.40001086]]

 [[  66.           -4.40001086]
  [  67.           -4.37171086]]

 [[  67.           -4.37171086]
  [  68.           -4.34451086]]

 [[  68.           -4.34451086]
  [  69.           -4.31841086]]

 [[  69.           -4.31841086]
  [  70.           -4.29381086]]

 [[  70.           -4.29381086]
  [  71.           -4.27151086]]

 [[  71.           -4.27151086]
  [  72.           -4.25041086]]

 [[  72.           -4.25041086]
  [  73.           -4.23161086]]

 [[  73.           -4.23161086]
  [  74.           -4.21521086]]

 [[  74.           -4.21521086]
  [  75.           -4.20141086]]

 [[  75.           -4.20141086]
  [  76.           -4.19041086]]

 [[  76.           -4.19041086]
  [  77.           -4.18251086]]

 [[  77.           -4.18251086]
  [  78.           -4.17771086]]

 [[  78.           -4.17771086]
  [  79.           -4.17601086]]

 [[  79.           -4.17601086]
  [  80.           -4.17601086]]

 [[  80.           -4.17601086]
  [  81.           -4.17461086]]

 [[  81.           -4.17461086]
  [  82.           -4.17021086]]

 [[  82.           -4.17021086]
  [  83.           -4.16291086]]

 [[  83.           -4.16291086]
  [  84.           -4.15261086]]

 [[  84.           -4.15261086]
  [  85.           -4.13911086]]

 [[  85.           -4.13911086]
  [  86.           -4.12311086]]

 [[  86.           -4.12311086]
  [  87.           -4.10421086]]

 [[  87.           -4.10421086]
  [  88.           -4.08211086]]

 [[  88.           -4.08211086]
  [  89.           -4.05771086]]

 [[  89.           -4.05771086]
  [  90.           -4.03041086]]

 [[  90.           -4.03041086]
  [  91.           -4.00051086]]

 [[  91.           -4.00051086]
  [  92.           -3.96901086]]

 [[  92.           -3.96901086]
  [  93.           -3.95971086]]

 [[  93.           -3.95971086]
  [  94.           -4.01391086]]

 [[  94.           -4.01391086]
  [  95.           -4.07011086]]

 [[  95.           -4.07011086]
  [  96.           -4.12801086]]

 [[  96.           -4.12801086]
  [  97.           -4.18721086]]

 [[  97.           -4.18721086]
  [  98.           -4.24741086]]

 [[  98.           -4.24741086]
  [  99.           -4.30821086]]

 [[  99.           -4.30821086]
  [ 100.           -4.36921086]]

 [[ 100.           -4.36921086]
  [ 101.           -4.43011086]]

 [[ 101.           -4.43011086]
  [ 102.           -4.49031086]]

 [[ 102.           -4.49031086]
  [ 103.           -4.54961086]]

 [[ 103.           -4.54961086]
  [ 104.           -4.60751086]]

 [[ 104.           -4.60751086]
  [ 105.           -4.66361086]]

 [[ 105.           -4.66361086]
  [ 106.           -4.71771086]]

 [[ 106.           -4.71771086]
  [ 107.           -4.76921086]]

 [[ 107.           -4.76921086]
  [ 108.           -4.81801086]]

 [[ 108.           -4.81801086]
  [ 109.           -4.86361086]]

 [[ 109.           -4.86361086]
  [ 110.           -4.90571086]]

 [[ 110.           -4.90571086]
  [ 111.           -4.94431086]]

 [[ 111.           -4.94431086]
  [ 112.           -4.97881086]]

 [[ 112.           -4.97881086]
  [ 113.           -5.00891086]]

 [[ 113.           -5.00891086]
  [ 114.           -5.03501086]]

 [[ 114.           -5.03501086]
  [ 115.           -5.05651086]]

 [[ 115.           -5.05651086]
  [ 116.           -5.07341086]]

 [[ 116.           -5.07341086]
  [ 117.           -5.08561086]]

 [[ 117.           -5.08561086]
  [ 118.           -5.09291086]]

 [[ 118.           -5.09291086]
  [ 119.           -5.09541086]]

 [[ 119.           -5.09541086]
  [ 120.           -5.09541086]]

 [[ 120.           -5.09541086]
  [ 121.           -5.09851086]]

 [[ 121.           -5.09851086]
  [ 122.           -5.10791086]]

 [[ 122.           -5.10791086]
  [ 123.           -5.12431086]]

 [[ 123.           -5.12431086]
  [ 124.           -5.14831086]]

 [[ 124.           -5.14831086]
  [ 125.           -5.18141086]]

 [[ 125.           -5.18141086]
  [ 126.           -5.22511086]]

 [[ 126.           -5.22511086]
  [ 127.           -5.28111086]]

 [[ 127.           -5.28111086]
  [ 128.           -5.35141086]]

 [[ 128.           -5.35141086]
  [ 129.           -5.43791086]]

 [[ 129.           -5.43791086]
  [ 130.           -5.54211086]]

 [[ 130.           -5.54211086]
  [ 131.           -5.66461086]]

 [[ 131.           -5.66461086]
  [ 132.           -5.80501086]]

 [[ 132.           -5.80501086]
  [ 133.           -5.96181086]]

 [[ 133.           -5.96181086]
  [ 134.           -6.13271086]]

 [[ 134.           -6.13271086]
  [ 135.           -6.31441086]]

 [[ 135.           -6.31441086]
  [ 136.           -6.50401086]]

 [[ 136.           -6.50401086]
  [ 137.           -6.69831086]]

 [[ 137.           -6.69831086]
  [ 138.           -6.89451086]]

 [[ 138.           -6.89451086]
  [ 139.           -7.09021086]]

 [[ 139.           -7.09021086]
  [ 140.           -7.28351086]]

 [[ 140.           -7.28351086]
  [ 141.           -7.47261086]]

 [[ 141.           -7.47261086]
  [ 142.           -7.65601086]]

 [[ 142.           -7.65601086]
  [ 143.           -7.83281086]]

 [[ 143.           -7.83281086]
  [ 144.           -8.00191086]]

 [[ 144.           -8.00191086]
  [ 145.           -8.16261086]]

 [[ 145.           -8.16261086]
  [ 146.           -8.31411086]]

 [[ 146.           -8.31411086]
  [ 147.           -8.45611086]]

 [[ 147.           -8.45611086]
  [ 148.           -8.58791086]]

 [[ 148.           -8.58791086]
  [ 149.           -8.70931086]]

 [[ 149.           -8.70931086]
  [ 150.           -8.82001086]]

 [[ 150.           -8.82001086]
  [ 151.           -8.91961086]]

 [[ 151.           -8.91961086]
  [ 152.           -9.00791086]]

 [[ 152.           -9.00791086]
  [ 153.           -9.08481086]]

 [[ 153.           -9.08481086]
  [ 154.           -9.15011086]]

 [[ 154.           -9.15011086]
  [ 155.           -9.20371086]]

 [[ 155.           -9.20371086]
  [ 156.           -9.24551086]]

 [[ 156.           -9.24551086]
  [ 157.           -9.27541086]]

 [[ 157.           -9.27541086]
  [ 158.           -9.29341086]]

 [[ 158.           -9.29341086]
  [ 159.           -9.29931086]]

 [[ 159.           -9.29931086]
  [ 160.           -9.29931086]]

 [[ 160.           -9.29931086]
  [ 161.           -9.29041086]]

 [[ 161.           -9.29041086]
  [ 162.           -9.26341086]]

 [[ 162.           -9.26341086]
  [ 163.           -9.21861086]]

 [[ 163.           -9.21861086]
  [ 164.           -9.15611086]]

 [[ 164.           -9.15611086]
  [ 165.           -9.07591086]]

 [[ 165.           -9.07591086]
  [ 166.           -8.97831086]]

 [[ 166.           -8.97831086]
  [ 167.           -8.86361086]]

 [[ 167.           -8.86361086]
  [ 168.           -8.73211086]]

 [[ 168.           -8.73211086]
  [ 169.           -8.58411086]]

 [[ 169.           -8.58411086]
  [ 170.           -8.42031086]]

 [[ 170.           -8.42031086]
  [ 171.           -8.24101086]]

 [[ 171.           -8.24101086]
  [ 172.           -8.04711086]]

 [[ 172.           -8.04711086]
  [ 173.           -7.83921086]]

 [[ 173.           -7.83921086]
  [ 174.           -7.61831086]]

 [[ 174.           -7.61831086]
  [ 175.           -7.38561086]]

 [[ 175.           -7.38561086]
  [ 176.           -7.14251086]]

 [[ 176.           -7.14251086]
  [ 177.           -6.89041086]]

 [[ 177.           -6.89041086]
  [ 178.           -6.63151086]]

 [[ 178.           -6.63151086]
  [ 179.           -6.36801086]]

 [[ 179.           -6.36801086]
  [ 180.           -6.10281086]]

 [[ 180.           -6.10281086]
  [ 181.           -5.83921086]]

 [[ 181.           -5.83921086]
  [ 182.           -5.58101086]]

 [[ 182.           -5.58101086]
  [ 183.           -5.33241086]]

 [[ 183.           -5.33241086]
  [ 184.           -5.09781086]]

 [[ 184.           -5.09781086]
  [ 185.           -4.88161086]]

 [[ 185.           -4.88161086]
  [ 186.           -4.68771086]]

 [[ 186.           -4.68771086]
  [ 187.           -4.51881086]]

 [[ 187.           -4.51881086]
  [ 188.           -4.37681086]]

 [[ 188.           -4.37681086]
  [ 189.           -4.26281086]]

 [[ 189.           -4.26281086]
  [ 190.           -4.17551086]]

 [[ 190.           -4.17551086]
  [ 191.           -4.11391086]]

 [[ 191.           -4.11391086]
  [ 192.           -4.07661086]]

 [[ 192.           -4.07661086]
  [ 193.           -4.06231086]]

 [[ 193.           -4.06231086]
  [ 194.           -4.07041086]]

 [[ 194.           -4.07041086]
  [ 195.           -4.09991086]]

 [[ 195.           -4.09991086]
  [ 196.           -4.14681086]]

 [[ 196.           -4.14681086]
  [ 197.           -4.20401086]]

 [[ 197.           -4.20401086]
  [ 198.           -4.26851086]]

 [[ 198.           -4.26851086]
  [ 199.           -4.33591086]]

 [[ 199.           -4.33591086]
  [ 200.           -4.33591086]]

 [[ 200.           -4.33591086]
  [ 201.           -4.35861086]]

 [[ 201.           -4.35861086]
  [ 202.           -4.38131086]]

 [[ 202.           -4.38131086]
  [ 203.           -4.40401086]]

 [[ 203.           -4.40401086]
  [ 204.           -4.42671086]]

 [[ 204.           -4.42671086]
  [ 205.           -4.44921086]]

 [[ 205.           -4.44921086]
  [ 206.           -4.47161086]]

 [[ 206.           -4.47161086]
  [ 207.           -4.49371086]]

 [[ 207.           -4.49371086]
  [ 208.           -4.51561086]]

 [[ 208.           -4.51561086]
  [ 209.           -4.53731086]]

 [[ 209.           -4.53731086]
  [ 210.           -4.55841086]]

 [[ 210.           -4.55841086]
  [ 211.           -4.57941086]]

 [[ 211.           -4.57941086]
  [ 212.           -4.60001086]]

 [[ 212.           -4.60001086]
  [ 213.           -4.62011086]]

 [[ 213.           -4.62011086]
  [ 214.           -4.63991086]]

 [[ 214.           -4.63991086]
  [ 215.           -4.65911086]]

 [[ 215.           -4.65911086]
  [ 216.           -4.67781086]]

 [[ 216.           -4.67781086]
  [ 217.           -4.69601086]]

 [[ 217.           -4.69601086]
  [ 218.           -4.71361086]]

 [[ 218.           -4.71361086]
  [ 219.           -4.73061086]]

 [[ 219.           -4.73061086]
  [ 220.           -4.74701086]]

 [[ 220.           -4.74701086]
  [ 221.           -4.76271086]]

 [[ 221.           -4.76271086]
  [ 222.           -4.77761086]]

 [[ 222.           -4.77761086]
  [ 223.           -4.79191086]]

 [[ 223.           -4.79191086]
  [ 224.           -4.80551086]]

 [[ 224.           -4.80551086]
  [ 225.           -4.81831086]]

 [[ 225.           -4.81831086]
  [ 226.           -4.83031086]]

 [[ 226.           -4.83031086]
  [ 227.           -4.84141086]]

 [[ 227.           -4.84141086]
  [ 228.           -4.85181086]]

 [[ 228.           -4.85181086]
  [ 229.           -4.86131086]]

 [[ 229.           -4.86131086]
  [ 230.           -4.87001086]]

 [[ 230.           -4.87001086]
  [ 231.           -4.87781086]]

 [[ 231.           -4.87781086]
  [ 232.           -4.88471086]]

 [[ 232.           -4.88471086]
  [ 233.           -4.89071086]]

 [[ 233.           -4.89071086]
  [ 234.           -4.89581086]]

 [[ 234.           -4.89581086]
  [ 235.           -4.90001086]]

 [[ 235.           -4.90001086]
  [ 236.           -4.90331086]]

 [[ 236.           -4.90331086]
  [ 237.           -4.90561086]]

 [[ 237.           -4.90561086]
  [ 238.           -4.90701086]]

 [[ 238.           -4.90701086]
  [ 239.           -4.90751086]]]
[(0.99999977762965431, 2.2237034558019478e-07, 0.0, 1.0), (0.99999574362835553, 4.2563716443890275e-06, 0.0, 1.0), (0.99997566841703711, 2.4331582962839434e-05, 0.0, 1.0), (0.9999159687136272, 8.4031286372672167e-05, 0.0, 1.0), (0.99977772758679895, 0.00022225803457705246, 1.4378624024345656e-08, 1.0), (0.99951281486013999, 0.00048703935522582877, 1.457846341673128e-07, 1.0), (0.99905760884038397, 0.00094153084062694858, 8.6031898906036402e-07, 1.0), (0.9983252942574985, 0.0016721380755983662, 2.5676669030994035e-06, 1.0), (0.99722747526312494, 0.0027650649561875964, 7.4597806874007856e-06, 1.0), (0.99565110693191272, 0.00433072620822732, 1.8166859859984211e-05, 1.0), (0.99344918092088386, 0.0065063265257561493, 4.4492553359995846e-05, 1.0), (0.99044569441553798, 0.0094501974943644179, 0.00010410809009747547, 1.0), (0.98644875944807864, 0.013318988985230262, 0.00023225156669108468, 1.0), (0.98123481778965949, 0.018267927991188027, 0.00049725421915240025, 1.0), (0.97447339005765854, 0.024482649972681056, 0.0010439599696603905, 1.0), (0.9657111495872317, 0.032149082165589538, 0.002139768247178753, 1.0), (0.95427961681006512, 0.041376912125163541, 0.0043434710647713703, 1.0), (0.93908750881989711, 0.052176833430799707, 0.0087356577493031985, 1.0), (0.91818440222743036, 0.064408688501842531, 0.017406909270727036, 1.0), (0.8880633203281596, 0.077417823397250563, 0.034518856274589782, 1.0), (0.84269808082447095, 0.089813012299015366, 0.067488906876513724, 1.0), (0.77312499379748556, 0.098962074069755934, 0.12791293213275848, 1.0), (0.670229250523658, 0.10084901471212598, 0.22892173476421596, 1.0), (0.53384818921382293, 0.092131799959672578, 0.37402001082650455, 1.0), (0.38267631597817786, 0.073818146131071793, 0.54350553789075029, 1.0), (0.24747150309266774, 0.051777122701573919, 0.70075137420575828, 1.0), (0.14861281520312269, 0.032471711727217765, 0.81891547306965951, 1.0), (0.086436173970364405, 0.018914697597602947, 0.89464912843203259, 1.0), (0.05056353129577848, 0.010549338008300683, 0.93888713069592078, 1.0), (0.030462501906123863, 0.0057143348504115109, 0.96382316324346462, 1.0), (0.019188087404302005, 0.0030289489200299702, 0.97778296367566808, 1.0), (0.012703476051029491, 0.0015562895897908257, 0.98574023435917968, 1.0), (0.0088490402369159719, 0.0007657654629428304, 0.99038519430014138, 1.0), (0.0064973616114290967, 0.00035417999791865465, 0.99314845839065236, 1.0), (0.0050215027652863904, 0.00014864186019801303, 0.99482985537451563, 1.0), (0.0040902228106428984, 5.3061788610441034e-05, 0.99585671540074672, 1.0), (0.0035077841565278158, 1.4315954284337992e-05, 0.99647789988918789, 1.0), (0.0031635074568826067, 2.3761138147789755e-06, 0.99683411642930264, 1.0), (0.0030035447055197697, 1.2347485213153326e-07, 0.99699633181962821, 1.0), (0.002964422104814297, 0.0, 0.99703557789518582, 1.0), (0.0029644221048142974, 0.0, 0.99703557789518582, 1.0), (0.0029506232920828695, 3.0757080775952544e-08, 0.99704934595083639, 1.0), (0.0029227326969999985, 1.5372776285912571e-07, 0.99707711357523721, 1.0), (0.0028810330396802728, 4.9930864610922686e-07, 0.99711846765167367, 1.0), (0.0028260994889623826, 1.1438444531782934e-06, 0.99717275666658445, 1.0), (0.0027584810894001801, 2.492819431014469e-06, 0.99723902609116877, 1.0), (0.0026781914825968335, 4.788973385591166e-06, 0.99731701954401752, 1.0), (0.0025863834279311313, 8.2353513239309863e-06, 0.99740538122074485, 1.0), (0.0024835508467868951, 1.3491439365572353e-05, 0.99750295771384756, 1.0), (0.0023761037436778355, 2.0520553482283192e-05, 0.99760337570283997, 1.0), (0.0022534139440483054, 2.974173421241157e-05, 0.99771684432173924, 1.0), (0.0021226751788241995, 4.2230398911222591e-05, 0.99783509442226448, 1.0), (0.001990156769198797, 5.873017376334463e-05, 0.99795111305703776, 1.0), (0.0018565250553598807, 7.8906450830847283e-05, 0.9980645684938092, 1.0), (0.0017176081230606979, 0.00010200784464298218, 0.99818038403229636, 1.0), (0.0015740466671225965, 0.00013094278476152052, 0.99829501054811587, 1.0), (0.0014325259896345644, 0.00016469911720109407, 0.99840277489316431, 1.0), (0.0012934951849084245, 0.00020242039508878827, 0.99850408442000271, 1.0), (0.0011575422571170712, 0.00024768845772578493, 0.99859476928515711, 1.0), (0.0010215416333413741, 0.0002993542398332965, 0.99867910412682526, 1.0), (0.00089053179814748903, 0.00035570391891128178, 0.99875376428294116, 1.0), (0.00076875653214104065, 0.00041667787788801159, 0.99881456558997095, 1.0), (0.00065329435468944471, 0.00048503067675173853, 0.99886167496855882, 1.0), (0.00054729859958076285, 0.00055813021194359581, 0.99889457118847558, 1.0), (0.00045121912641909393, 0.00063630689775150693, 0.9989124739758295, 1.0), (0.00036226864346112543, 0.00071913393832188531, 0.99891859741821709, 1.0), (0.00028520319224382496, 0.0008033137923826938, 0.99891148301537347, 1.0), (0.00021782277356552354, 0.00089196938500448191, 0.9988902078414299, 1.0), (0.00016093464056737706, 0.00098517734523497456, 0.99885388801419761, 1.0), (0.00011555079080693308, 0.0010786764751091267, 0.998805772734084, 1.0), (7.8805731803157435e-05, 0.0011729695844737323, 0.99874822468372315, 1.0), (5.0123920629022595e-05, 0.0012623876951193195, 0.99868748838425159, 1.0), (2.9626355676129544e-05, 0.0013459587817834981, 0.99862441486254028, 1.0), (1.6140969851037467e-05, 0.0014233324559434503, 0.99856052657420546, 1.0), (7.5409564572107674e-06, 0.001494126454381781, 0.99849833258916099, 1.0), (3.0328922894691699e-06, 0.0015527830528039726, 0.99844418405490665, 1.0), (8.9310585043764775e-07, 0.0015984741664901432, 0.99840063272765955, 1.0), (1.8561188704248177e-07, 0.0016306146973777361, 0.99836919969073534, 1.0), (7.1338738631512113e-09, 0.0016444997593559395, 0.99835549310677019, 1.0), (0.0, 0.0016493356822574782, 0.99835066431774244, 1.0), (0.0, 0.0016495325633143006, 0.99835046743668565, 1.0), (0.0, 0.0016696224925207548, 0.99833037750747922, 1.0), (0.0, 0.0017152467910430849, 0.99828475320895693, 1.0), (0.0, 0.0017622883657479062, 0.99823771163425201, 1.0), (0.0, 0.0018306880396863918, 0.99816931196031367, 1.0), (0.0, 0.0019268389331516516, 0.99807316106684829, 1.0), (0.0, 0.002021102633809703, 0.99797889736619028, 1.0), (0.0, 0.0021283255173338159, 0.99787167448266612, 1.0), (0.0, 0.0022493102072007796, 0.99775068979279924, 1.0), (0.0, 0.0023807421005510696, 0.99761925789944894, 1.0), (0.0, 0.0025087850274027597, 0.99749121497259718, 1.0), (0.0, 0.0026336772175210481, 0.99736632278247894, 1.0), (0.0010741192747701282, 0.0027825520529869471, 0.99614332867224287, 1.0), (0.0024891090359770111, 0.002806650077611517, 0.99470424088641141, 1.0), (0.0032470782025554173, 0.0026957349151942216, 0.99405718688225031, 1.0), (0.0041524246196210464, 0.002559980202522444, 0.99328759517785659, 1.0), (0.0052048788685152454, 0.0024001345294114877, 0.99239498660207326, 1.0), (0.0064285542124166862, 0.0022308700699381072, 0.99134057571764522, 1.0), (0.0078234739254754316, 0.0020524257400850324, 0.99012410033443954, 1.0), (0.0093766747038585199, 0.0018663245112305201, 0.98875700078491091, 1.0), (0.01109472580138253, 0.0016642458498824658, 0.98724102834873506, 1.0), (0.012975899290449136, 0.0014591141053847197, 0.98556498660416625, 1.0), (0.01499107965190785, 0.0012636510491592229, 0.98374526929893302, 1.0), (0.017116226679574634, 0.0010704000011266188, 0.98181337331929863, 1.0), (0.019335170317489925, 0.0008815501403091168, 0.97978327954220101, 1.0), (0.021614760168003594, 0.00071508354955326372, 0.97767015628244325, 1.0), (0.023917330023383736, 0.00056450923250514842, 0.97551816074411102, 1.0), (0.026211529207243869, 0.00042950561362919298, 0.9733589651791269, 1.0), (0.028468141641215583, 0.00031685094146038809, 0.97121500741732403, 1.0), (0.030657517735422711, 0.00022408499816552538, 0.96911839726641169, 1.0), (0.032727220312973371, 0.00015037318115391414, 0.96712240650587267, 1.0), (0.034643249376474554, 9.333350668490025e-05, 0.96526341711684049, 1.0), (0.036412803524941376, 5.5367104898294817e-05, 0.96353182937016024, 1.0), (0.037987058958842961, 3.0535149830685841e-05, 0.96198240589132622, 1.0), (0.039321994511011447, 1.3895049665203677e-05, 0.96066411043932332, 1.0), (0.040401388955026339, 5.3221367011493483e-06, 0.95959328890827256, 1.0), (0.041217916501422494, 1.7647311469134292e-06, 0.95878031876743064, 1.0), (0.041783913322839324, 3.9269369910085545e-07, 0.95821569398346162, 1.0), (0.042065607811644194, 3.9303717353448034e-08, 0.95793435288463835, 1.0), (0.042126468205876698, 0.0, 0.95787353179412316, 1.0), (0.042589677693331357, 3.5619740040409016e-07, 0.9574099661092681, 1.0), (0.044442721305953184, 6.1683907807154185e-06, 0.95555111030326612, 1.0), (0.048371466457404186, 3.623517549360101e-05, 0.95159229836710224, 1.0), (0.054996309803899301, 0.00013140013769726065, 0.94487229005840345, 1.0), (0.065293797998551367, 0.00037488758555115039, 0.93433131441589756, 1.0), (0.080849016983131961, 0.0009357789909482505, 0.91821520402591972, 1.0), (0.10429285371259256, 0.0020636540252632948, 0.89364349226214412, 1.0), (0.13940850232443069, 0.004176639717770967, 0.85641485795779837, 1.0), (0.19098573687943254, 0.0079151966243077455, 0.80109906649625962, 1.0), (0.2640796967197121, 0.013987064811924143, 0.72193323846836366, 1.0), (0.36080793042804049, 0.022622772882458984, 0.61656929668950045, 1.0), (0.47585831664304562, 0.033221037236540511, 0.49092064612041386, 1.0), (0.59550767620930389, 0.043918285016591882, 0.3605740387741041, 1.0), (0.70341772751224885, 0.052265364320612739, 0.24431690816713847, 1.0), (0.78881142244184643, 0.056674422918114739, 0.15451415464003887, 1.0), (0.85031226648369418, 0.056890683873488765, 0.092797049642817084, 1.0), (0.89218241321657821, 0.054020469659790474, 0.053797117123631333, 1.0), (0.92032252328972186, 0.049162595990583147, 0.03051488071969493, 1.0), (0.93977805479008036, 0.043240350121499571, 0.016981595088420044, 1.0), (0.95358480733874162, 0.037038924687579911, 0.0093762679736783539, 1.0), (0.96385834615036803, 0.030990722863574155, 0.0051509309860578141, 1.0), (0.97182285468674279, 0.025403004649191929, 0.0027741406640653409, 1.0), (0.97808619410035502, 0.020438273514284372, 0.0014755323853607124, 1.0), (0.98307044147939482, 0.016147162419428422, 0.00078239610117675391, 1.0), (0.9871457597557054, 0.012448856526413046, 0.00040538371788148916, 1.0), (0.99039913038891458, 0.0093965591761216299, 0.00020431043496381876, 1.0), (0.99295094110534476, 0.006950456497426997, 9.8602397228197766e-05, 1.0), (0.99494253567590896, 0.0050105484326151478, 4.691589147596299e-05, 1.0), (0.9964852058027015, 0.0034938004637758125, 2.0993733522786084e-05, 1.0), (0.99763804019565816, 0.0023529824143399256, 8.977390001894739e-06, 1.0), (0.99847742619120239, 0.0015191946593853521, 3.3791494121721565e-06, 1.0), (0.99907451792998114, 0.00092414801312304114, 1.3340568957327588e-06, 1.0), (0.9994799762451626, 0.00051976246301653158, 2.6129182084061431e-07, 1.0), (0.99973554003957421, 0.00026433020591044431, 1.2975451541388492e-07, 1.0), (0.99987658407336144, 0.00012341592663852769, 0.0, 1.0), (0.99995306381262461, 4.6936187375434144e-05, 0.0, 1.0), (0.99998777611946377, 1.2223880536247653e-05, 0.0, 1.0), (0.99999786761286358, 2.1323871363201404e-06, 0.0, 1.0), (0.99999987495835418, 1.2504164581481446e-07, 0.0, 1.0), (1.0, 0.0, 0.0, 1.0), (0.99999977755548763, 2.224445122591256e-07, 0.0, 1.0), (0.9999952519876637, 4.7480123362317439e-06, 0.0, 1.0), (0.99997063736908265, 2.9362630917293657e-05, 0.0, 1.0), (0.9998929239711708, 0.00010706179324573601, 1.4235583475141097e-08, 1.0), (0.9997166266467159, 0.00028330135366058282, 7.1999623552178679e-08, 1.0), (0.99938379085667872, 0.00061578404348553405, 4.2509983583363331e-07, 1.0), (0.99881807155763114, 0.0011806014148262208, 1.3270275427674558e-06, 1.0), (0.99790163133897525, 0.002093477028228331, 4.8916327964016917e-06, 1.0), (0.99654396812388035, 0.0034414325348568328, 1.4599341262884014e-05, 1.0), (0.9945834990002913, 0.0053784905391460087, 3.8010460562669115e-05, 1.0), (0.99184618322313267, 0.0080638488644253908, 8.9967912441931528e-05, 1.0), (0.9881528958015392, 0.011646083271092704, 0.00020102092736806, 1.0), (0.98322591472546561, 0.016337401176611758, 0.00043668409792247287, 1.0), (0.97673246618918719, 0.022365515104489253, 0.00090201870632357828, 1.0), (0.96830603438312757, 0.029898019656796386, 0.0017959459600760698, 1.0), (0.9573439083429931, 0.039189585636770108, 0.003466506020236737, 1.0), (0.9429177571389441, 0.050487716153575141, 0.0065945267074807492, 1.0), (0.92390925513848976, 0.063739206107389895, 0.012351538754120303, 1.0), (0.89815378232097842, 0.079075757151793616, 0.022770460527227924, 1.0), (0.86269600472891472, 0.096085482956746932, 0.041218512314338422, 1.0), (0.81316796363971688, 0.11369956930447669, 0.073132467055806519, 1.0), (0.74420630604325555, 0.12974758960320598, 0.1260461043535385, 1.0), (0.65185829214329605, 0.14077143504041462, 0.20737027281628939, 1.0), (0.53635370025851548, 0.14288258640281842, 0.32076371333866616, 1.0), (0.40769178128748207, 0.13366653718365762, 0.45864168152886037, 1.0), (0.28421963646388471, 0.11441520512693151, 0.6013651584091837, 1.0), (0.18252102650795168, 0.089924338470522197, 0.72755463502152606, 1.0), (0.10967124944193413, 0.06590790127679369, 0.82442084928127213, 1.0), (0.062964796171680881, 0.04571002073795824, 0.8913251830903608, 1.0), (0.035168482003481279, 0.030139475445374958, 0.9346920425511438, 1.0), (0.019368548967273198, 0.018745646104416452, 0.96188580492831033, 1.0), (0.01060984667227299, 0.010642148147998461, 0.97874800517972849, 1.0), (0.0058113491935542381, 0.0051360617576103806, 0.98905258904883531, 1.0), (0.0032082902843938851, 0.001861615047315442, 0.99493009466829063, 1.0), (0.0018074736153072223, 0.00040499122445085477, 0.99778753516024188, 1.0), (0.0010907425997370331, 3.4540164305183281e-05, 0.99887471723595778, 1.0), (0.00076807119234133258, 3.3658795348903808e-07, 0.99923159221970514, 1.0), (0.00065119657694525518, 5.3156892958991657e-06, 0.99934348773375881, 1.0), (0.00063961057503514676, 2.5067996597547917e-05, 0.99933532142836734, 1.0), (0.00065317727552119517, 3.9712786126640504e-05, 0.99930710993835214, 1.0), (0.00066493429336846543, 4.4571196248701396e-05, 0.99929049451038288, 1.0), (0.00069170794385685179, 5.4851190678774792e-05, 0.9992534408654643, 1.0), (0.00072531080791395043, 6.6271038754486697e-05, 0.99920841815333161, 1.0), (0.00076301167064844158, 7.8852767653355728e-05, 0.99915813556169819, 1.0), (0.00080157336596696992, 9.0242619853790889e-05, 0.99910818401417922, 1.0), (0.00084809789847253261, 9.772642032382416e-05, 0.99905417568120369, 1.0), (0.00089955258297837594, 0.00010316075492763083, 0.99899728666209409, 1.0), (0.00095241024007213263, 0.00010871269836499519, 0.99893887706156292, 1.0), (0.0010145230240454358, 0.00011184011644226052, 0.99887363685951236, 1.0), (0.001082438712897318, 0.00011243975758197956, 0.99880512152952083, 1.0), (0.0011481060410529226, 0.00011297650989469196, 0.99873891744905241, 1.0), (0.0012161685043447566, 0.00011096045629033415, 0.99867287103936486, 1.0), (0.0012949201870173302, 0.00010639992700099122, 0.99859867988598172, 1.0), (0.0013756973031820922, 0.00010186523462710774, 0.99852243746219083, 1.0), (0.0014543506184922725, 9.5038160912605161e-05, 0.99845061122059509, 1.0), (0.0015353122625142786, 8.609672139895225e-05, 0.99837859101608672, 1.0), (0.0016181743477409315, 7.9663926662583553e-05, 0.99830216172559649, 1.0), (0.0017026659197547482, 7.3504335730044032e-05, 0.99822382974451518, 1.0), (0.0017895841018653186, 6.3639746743425089e-05, 0.99814677615139125, 1.0), (0.0018786609148772331, 5.4322778501987538e-05, 0.99806701630662087, 1.0), (0.0019694379251622499, 4.7441236034479866e-05, 0.99798312083880325, 1.0), (0.002056422402046571, 4.100222289505037e-05, 0.99790257537505833, 1.0), (0.0021396052552348915, 3.3648811085828289e-05, 0.99782674593367937, 1.0), (0.0022240361330655048, 2.6871404777894783e-05, 0.99774909246215659, 1.0), (0.0023040220776120134, 2.2043489646178765e-05, 0.99767393443274177, 1.0), (0.0023856418052783318, 1.7688671692449376e-05, 0.99759666952302917, 1.0), (0.0024616335775067737, 1.3802787581624489e-05, 0.9975245636349116, 1.0), (0.0025322237069977339, 1.0393580936699969e-05, 0.99745738271206563, 1.0), (0.0026041271202383951, 7.4672159539151353e-06, 0.9973884056638076, 1.0), (0.0026640187471983377, 5.0245197246976128e-06, 0.99733095673307692, 1.0), (0.0027175909346345943, 3.0660627195811622e-06, 0.99727934300264587, 1.0), (0.0027717303644698155, 1.8719527104597621e-06, 0.99722639768281973, 1.0), (0.0028191536968959134, 1.2589346913076194e-06, 0.99717958736841283, 1.0), (0.0028604261976558389, 7.6805103690935048e-07, 0.99713880575130731, 1.0), (0.0028953400233867489, 3.9962397020820258e-07, 0.9971042603526431, 1.0), (0.0029230928556961571, 1.5375821623018423e-07, 0.99707675338608759, 1.0), (0.0029435328319605825, 3.0757080775952544e-08, 0.99705643641095865, 1.0), (0.0029573316446920104, 0.0, 0.99704266835530808, 1.0), (0.002964422104814297, 0.0, 0.99703557789518582, 1.0)]
[[[   0.           -3.07571086]
  [   1.           -3.07851086]]

 [[   1.           -3.07851086]
  [   2.           -3.08891086]]

 [[   2.           -3.08891086]
  [   3.           -3.10091086]]

 [[   3.           -3.10091086]
  [   4.           -3.11731086]]

 [[   4.           -3.11731086]
  [   5.           -3.13811086]]

 [[   5.           -3.13811086]
  [   6.           -3.16321086]]

 [[   6.           -3.16321086]
  [   7.           -3.19231086]]

 [[   7.           -3.19231086]
  [   8.           -3.22531086]]

 [[   8.           -3.22531086]
  [   9.           -3.26191086]]

 [[   9.           -3.26191086]
  [  10.           -3.30181086]]

 [[  10.           -3.30181086]
  [  11.           -3.34481086]]

 [[  11.           -3.34481086]
  [  12.           -3.39051086]]

 [[  12.           -3.39051086]
  [  13.           -3.43871086]]

 [[  13.           -3.43871086]
  [  14.           -3.48901086]]

 [[  14.           -3.48901086]
  [  15.           -3.54091086]]

 [[  15.           -3.54091086]
  [  16.           -3.59431086]]

 [[  16.           -3.59431086]
  [  17.           -3.64871086]]

 [[  17.           -3.64871086]
  [  18.           -3.70371086]]

 [[  18.           -3.70371086]
  [  19.           -3.75911086]]

 [[  19.           -3.75911086]
  [  20.           -3.81441086]]

 [[  20.           -3.81441086]
  [  21.           -3.86921086]]

 [[  21.           -3.86921086]
  [  22.           -3.92331086]]

 [[  22.           -3.92331086]
  [  23.           -3.97621086]]

 [[  23.           -3.97621086]
  [  24.           -4.02931086]]

 [[  24.           -4.02931086]
  [  25.           -4.07921086]]

 [[  25.           -4.07921086]
  [  26.           -4.12701086]]

 [[  26.           -4.12701086]
  [  27.           -4.17251086]]

 [[  27.           -4.17251086]
  [  28.           -4.21521086]]

 [[  28.           -4.21521086]
  [  29.           -4.25521086]]

 [[  29.           -4.25521086]
  [  30.           -4.29221086]]

 [[  30.           -4.29221086]
  [  31.           -4.32581086]]

 [[  31.           -4.32581086]
  [  32.           -4.35591086]]

 [[  32.           -4.35591086]
  [  33.           -4.38241086]]

 [[  33.           -4.38241086]
  [  34.           -4.40511086]]

 [[  34.           -4.40511086]
  [  35.           -4.42381086]]

 [[  35.           -4.42381086]
  [  36.           -4.43841086]]

 [[  36.           -4.43841086]
  [  37.           -4.44891086]]

 [[  37.           -4.44891086]
  [  38.           -4.45531086]]

 [[  38.           -4.45531086]
  [  39.           -4.45741086]]

 [[  39.           -4.45741086]
  [  40.           -4.45741086]]

 [[  40.           -4.45741086]
  [  41.           -4.45681086]]

 [[  41.           -4.45681086]
  [  42.           -4.45511086]]

 [[  42.           -4.45511086]
  [  43.           -4.45231086]]

 [[  43.           -4.45231086]
  [  44.           -4.44841086]]

 [[  44.           -4.44841086]
  [  45.           -4.44331086]]

 [[  45.           -4.44331086]
  [  46.           -4.43721086]]

 [[  46.           -4.43721086]
  [  47.           -4.42981086]]

 [[  47.           -4.42981086]
  [  48.           -4.42141086]]

 [[  48.           -4.42141086]
  [  49.           -4.41181086]]

 [[  49.           -4.41181086]
  [  50.           -4.40111086]]

 [[  50.           -4.40111086]
  [  51.           -4.38921086]]

 [[  51.           -4.38921086]
  [  52.           -4.37621086]]

 [[  52.           -4.37621086]
  [  53.           -4.36201086]]

 [[  53.           -4.36201086]
  [  54.           -4.34671086]]

 [[  54.           -4.34671086]
  [  55.           -4.33021086]]

 [[  55.           -4.33021086]
  [  56.           -4.31251086]]

 [[  56.           -4.31251086]
  [  57.           -4.29371086]]

 [[  57.           -4.29371086]
  [  58.           -4.27391086]]

 [[  58.           -4.27391086]
  [  59.           -4.25271086]]

 [[  59.           -4.25271086]
  [  60.           -4.23031086]]

 [[  60.           -4.23031086]
  [  61.           -4.20671086]]

 [[  61.           -4.20671086]
  [  62.           -4.18191086]]

 [[  62.           -4.18191086]
  [  63.           -4.15451086]]

 [[  63.           -4.15451086]
  [  64.           -4.12741086]]

 [[  64.           -4.12741086]
  [  65.           -4.09911086]]

 [[  65.           -4.09911086]
  [  66.           -4.06951086]]

 [[  66.           -4.06951086]
  [  67.           -4.03761086]]

 [[  67.           -4.03761086]
  [  68.           -4.00571086]]

 [[  68.           -4.00571086]
  [  69.           -3.97251086]]

 [[  69.           -3.97251086]
  [  70.           -3.93801086]]

 [[  70.           -3.93801086]
  [  71.           -3.90241086]]

 [[  71.           -3.90241086]
  [  72.           -3.86541086]]

 [[  72.           -3.86541086]
  [  73.           -3.82711086]]

 [[  73.           -3.82711086]
  [  74.           -3.78761086]]

 [[  74.           -3.78761086]
  [  75.           -3.74691086]]

 [[  75.           -3.74691086]
  [  76.           -3.70481086]]

 [[  76.           -3.70481086]
  [  77.           -3.66151086]]

 [[  77.           -3.66151086]
  [  78.           -3.61701086]]

 [[  78.           -3.61701086]
  [  79.           -3.57121086]]

 [[  79.           -3.57121086]
  [  80.           -3.57121086]]

 [[  80.           -3.57121086]
  [  81.           -3.57381086]]

 [[  81.           -3.57381086]
  [  82.           -3.58161086]]

 [[  82.           -3.58161086]
  [  83.           -3.59461086]]

 [[  83.           -3.59461086]
  [  84.           -3.61251086]]

 [[  84.           -3.61251086]
  [  85.           -3.63501086]]

 [[  85.           -3.63501086]
  [  86.           -3.66241086]]

 [[  86.           -3.66241086]
  [  87.           -3.69411086]]

 [[  87.           -3.69411086]
  [  88.           -3.72921086]]

 [[  88.           -3.72921086]
  [  89.           -3.76881086]]

 [[  89.           -3.76881086]
  [  90.           -3.81191086]]

 [[  90.           -3.81191086]
  [  91.           -3.85821086]]

 [[  91.           -3.85821086]
  [  92.           -3.90771086]]

 [[  92.           -3.90771086]
  [  93.           -3.93411086]]

 [[  93.           -3.93411086]
  [  94.           -3.89681086]]

 [[  94.           -3.89681086]
  [  95.           -3.85741086]]

 [[  95.           -3.85741086]
  [  96.           -3.81591086]]

 [[  96.           -3.81591086]
  [  97.           -3.77281086]]

 [[  97.           -3.77281086]
  [  98.           -3.72821086]]

 [[  98.           -3.72821086]
  [  99.           -3.68261086]]

 [[  99.           -3.68261086]
  [ 100.           -3.63631086]]

 [[ 100.           -3.63631086]
  [ 101.           -3.58991086]]

 [[ 101.           -3.58991086]
  [ 102.           -3.54381086]]

 [[ 102.           -3.54381086]
  [ 103.           -3.49861086]]

 [[ 103.           -3.49861086]
  [ 104.           -3.45471086]]

 [[ 104.           -3.45471086]
  [ 105.           -3.41261086]]

 [[ 105.           -3.41261086]
  [ 106.           -3.37271086]]

 [[ 106.           -3.37271086]
  [ 107.           -3.33531086]]

 [[ 107.           -3.33531086]
  [ 108.           -3.30061086]]

 [[ 108.           -3.30061086]
